150
120
210
1540
3003
7140
11628
24310
201376
906192
3365856
17828155996
237336
1107568
4272048
13884156
8272194700
543700900560
79208745
265296185350
181697134466
100594224900
2047068985626
2051731600985
89356415775
1243814958091
1254604840126
398508740246
703351880
32451432090
1372918744890
3297661334296
144208455560
58102728639
957813579436
538657528640
435897
2324784
10295472
1220664491
126466678240
3217484843525
575757
3262623
15380937
61523748
211915132
635745396
1676056044
3910797436
8122425444
15084504396
101238369540
348330136
854992152
1719823512540
1351556863965
254538637430
804610977300
548001136
590729920683
466408708766
3021544309455
44494262680
1273997260900
149539333580
5319223546
910334075420
182439620385
376992
1947792
896141698640
2106052014966
864899677664
278256
1344904
5379616
18156204
52451256
1694824872160
5031771045
614658680
2060808471250
2081463794400
14860622056
1547109690295
1507386571251
118567414176
3146411087876
117613686904
19488280
213479927640
940434003804
1264550860
1029472956974
1123783261566
430155101376
34212430300
501942
2760681
12620256
48903492
163011640
472733756
1203322288
2707475148
5414950296
710689591580
21656440760
2727952798935
1943851131179
777918373236
29853334036
114822216256
3352092068780
29916930680
8285707676
234468404820
1727893702220
622088447036
1173117247680
3327009578376
330546474930
1140461300440
186087894300
9705100250
1852482996
2316117176341
336102207245
1147323191024
997016667536
2505440794
303088070935
1513923448960
9370983560
172227386815
3556920680589
5753099660
1263007322941
1255883308420
1343358350825
165171160505
1021247061100
897523527404
14686780
3302052523220
316618859040
847660528
4496388
962598
177232627
